0 0.3389423076923077 0.4963942307692308 0.09375 0.057692307692307696
0 0.31850961538461536 0.4579326923076923 0.06490384615384616 0.040865384615384616
0 0.35216346153846156 0.6586538461538461 0.07211538461538461 0.04567307692307692
0 0.3389423076923077 0.7644230769230769 0.10096153846153846 0.0625
0 0.5048076923076923 0.8064903846153846 0.23798076923076922 0.18028846153846154
0 0.8930288461538461 0.5733173076923077 0.0625 0.06009615384615385
0 0.6850961538461539 0.6538461538461539 0.0673076923076923 0.06490384615384616
0 0.5096153846153846 0.41346153846153844 0.055288461538461536 0.03365384615384615
0 0.7331730769230769 0.3269230769230769 0.15144230769230768 0.06971153846153846
0 0.8870192307692307 0.34375 0.04807692307692308 0.03365384615384615
0 0.84375 0.38100961538461536 0.04807692307692308 0.03125
0 0.9555288461538461 0.43509615384615385 0.08173076923076923 0.040865384615384616
0 0.9350961538461539 0.4110576923076923 0.0625 0.03125
0 0.6875 0.5348557692307693 0.0673076923076923 0.040865384615384616
0 0.7512019230769231 0.5649038461538461 0.04326923076923077 0.03365384615384615
0 0.7079326923076923 0.9026442307692307 0.13942307692307693 0.14182692307692307