0 0.6478365384615384 0.43509615384615385 0.11778846153846154 0.10817307692307693
0 0.6394230769230769 0.5372596153846154 0.08653846153846154 0.07692307692307693
0 0.5240384615384616 0.5060096153846154 0.07451923076923077 0.0625
0 0.41586538461538464 0.4987980769230769 0.07692307692307693 0.0625
0 0.42908653846153844 0.6286057692307693 0.07692307692307693 0.07211538461538461
0 0.3016826923076923 0.6394230769230769 0.07211538461538461 0.08173076923076923
0 0.4951923076923077 0.3269230769230769 0.17548076923076922 0.16346153846153846
0 0.43509615384615385 0.1622596153846154 0.125 0.15384615384615385
0 0.15504807692307693 0.9266826923076923 0.17548076923076922 0.11778846153846154
0 0.5348557692307693 0.8028846153846154 0.11538461538461539 0.07211538461538461
0 0.6802884615384616 0.6923076923076923 0.07451923076923077 0.052884615384615384
0 0.7680288461538461 0.7524038461538461 0.07211538461538461 0.0625
0 0.8161057692307693 0.6911057692307693 0.0625 0.06009615384615385
0 0.890625 0.6454326923076923 0.10576923076923077 0.07692307692307693
0 0.7800480769230769 0.578125 0.10576923076923077 0.09375
0 0.6766826923076923 0.6454326923076923 0.06009615384615385 0.05048076923076923
0 0.28846153846153844 0.7872596153846154 0.06490384615384616 0.05048076923076923