0 0.6430288461538461 0.5745192307692307 0.12259615384615384 0.11298076923076923
0 0.6418269230769231 0.4723557692307692 0.0889423076923077 0.08173076923076923
0 0.5240384615384616 0.4951923076923077 0.07692307692307693 0.06490384615384616
0 0.41586538461538464 0.4951923076923077 0.07932692307692307 0.0673076923076923
0 0.4387019230769231 0.36658653846153844 0.07932692307692307 0.07692307692307693
0 0.3112980769230769 0.3473557692307692 0.07692307692307693 0.08413461538461539
0 0.4831730769230769 0.671875 0.18269230769230768 0.17307692307692307
0 0.41225961538461536 0.8329326923076923 0.13221153846153846 0.15865384615384615
0 0.18509615384615385 0.057692307692307696 0.18269230769230768 0.11538461538461539
0 0.5564903846153846 0.19951923076923078 0.11778846153846154 0.07692307692307693
0 0.6923076923076923 0.32091346153846156 0.07692307692307693 0.057692307692307696
0 0.7848557692307693 0.2668269230769231 0.07451923076923077 0.06490384615384616
0 0.828125 0.3317307692307692 0.0673076923076923 0.0625
0 0.9002403846153846 0.38221153846153844 0.10817307692307693 0.08173076923076923
0 0.7848557692307693 0.4411057692307692 0.11057692307692307 0.0985576923076923
0 0.6862980769230769 0.36778846153846156 0.0625 0.052884615384615384
0 0.3088942307692308 0.19831730769230768 0.0673076923076923 0.055288461538461536