0 0.671875 0.3942307692307692 0.2692307692307692 0.20673076923076922
0 0.33653846153846156 0.14423076923076922 0.44711538461538464 0.28846153846153844
0 0.8173076923076923 0.07451923076923077 0.33413461538461536 0.13221153846153846
0 0.921875 0.2692307692307692 0.15144230769230768 0.14423076923076922
0 0.3401442307692308 0.5384615384615384 0.3942307692307692 0.1778846153846154
0 0.6826923076923077 0.6225961538461539 0.15625 0.07211538461538461
0 0.8737980769230769 0.5769230769230769 0.14182692307692307 0.10336538461538461
0 0.9711538461538461 0.5036057692307693 0.052884615384615384 0.0625
0 0.6153846153846154 0.8209134615384616 0.15625 0.057692307692307696
0 0.47475961538461536 0.7199519230769231 0.19230769230769232 0.06971153846153846
0 0.3918269230769231 0.7776442307692307 0.08413461538461539 0.040865384615384616
0 0.20673076923076922 0.7620192307692307 0.19471153846153846 0.07692307692307693
0 0.6802884615384616 0.8810096153846154 0.10096153846153846 0.040865384615384616
0 0.5733173076923077 0.8954326923076923 0.1346153846153846 0.04326923076923077
0 0.328125 0.8377403846153846 0.24759615384615385 0.07451923076923077
0 0.734375 0.9399038461538461 0.18269230769230768 0.07692307692307693
0 0.5625 0.6586538461538461 0.13942307692307693 0.057692307692307696
0 0.6814903846153846 0.7247596153846154 0.06490384615384616 0.038461538461538464
0 0.04927884615384615 0.27403846153846156 0.08653846153846154 0.11057692307692307