0 0.4098557692307692 0.19831730769230768 0.23557692307692307 0.20192307692307693
0 0.4387019230769231 0.5048076923076923 0.18990384615384615 0.10817307692307693
0 0.36899038461538464 0.6105769230769231 0.14903846153846154 0.07692307692307693
0 0.36538461538461536 0.6814903846153846 0.10576923076923077 0.04807692307692308
0 0.4699519230769231 0.6322115384615384 0.12980769230769232 0.0673076923076923
0 0.6105769230769231 0.5649038461538461 0.10336538461538461 0.052884615384615384
0 0.6153846153846154 0.6057692307692307 0.08413461538461539 0.04326923076923077
0 0.546875 0.6646634615384616 0.052884615384615384 0.026442307692307692
0 0.43149038461538464 0.7067307692307693 0.07692307692307693 0.03365384615384615
0 0.46634615384615385 0.7271634615384616 0.08173076923076923 0.03365384615384615
0 0.8701923076923077 0.21153846153846154 0.10817307692307693 0.0985576923076923
0 0.4170673076923077 0.7704326923076923 0.055288461538461536 0.026442307692307692
0 0.6610576923076923 0.640625 0.08173076923076923 0.040865384615384616