0 0.34615384615384615 0.5480769230769231 0.10817307692307693 0.0985576923076923
0 0.3641826923076923 0.4483173076923077 0.07932692307692307 0.06971153846153846
0 0.47716346153846156 0.49158653846153844 0.06971153846153846 0.055288461538461536
0 0.5829326923076923 0.5108173076923077 0.07211538461538461 0.055288461538461536
0 0.5841346153846154 0.3798076923076923 0.06971153846153846 0.06490384615384616
0 0.7127403846153846 0.38221153846153844 0.0673076923076923 0.07451923076923077
0 0.48677884615384615 0.671875 0.16105769230769232 0.14903846153846154
0 0.5288461538461539 0.8425480769230769 0.11057692307692307 0.14423076923076922
0 0.8882211538461539 0.11177884615384616 0.1658653846153846 0.10096153846153846
0 0.4963942307692308 0.19471153846153846 0.11057692307692307 0.06009615384615385
0 0.34134615384615385 0.29086538461538464 0.06971153846153846 0.04567307692307692
0 0.25961538461538464 0.22115384615384615 0.0673076923076923 0.055288461538461536
0 0.20552884615384615 0.2764423076923077 0.057692307692307696 0.055288461538461536
0 0.12620192307692307 0.31490384615384615 0.0985576923076923 0.0673076923076923
0 0.22956730769230768 0.39302884615384615 0.0985576923076923 0.08413461538461539
0 0.3389423076923077 0.33774038461538464 0.057692307692307696 0.04567307692307692
0 0.7403846153846154 0.23677884615384615 0.06009615384615385 0.04567307692307692