0 0.9423076923076923 0.5216346153846154 0.11057692307692307 0.07692307692307693
0 0.6370192307692307 0.5540865384615384 0.052884615384615384 0.04567307692307692
0 0.4387019230769231 0.7572115384615384 0.08653846153846154 0.06490384615384616
0 0.34134615384615385 0.6983173076923077 0.09134615384615384 0.038461538461538464
0 0.38100961538461536 0.6382211538461539 0.055288461538461536 0.03365384615384615
0 0.4831730769230769 0.6983173076923077 0.052884615384615384 0.036057692307692304
0 0.5012019230769231 0.43028846153846156 0.0889423076923077 0.06971153846153846
0 0.5853365384615384 0.33653846153846156 0.1658653846153846 0.11778846153846154
0 0.3762019230769231 0.47596153846153844 0.04567307692307692 0.036057692307692304
0 0.3137019230769231 0.3473557692307692 0.20432692307692307 0.10096153846153846
0 0.2824519230769231 0.16105769230769232 0.18509615384615385 0.19471153846153846
0 0.24879807692307693 0.4735576923076923 0.12740384615384615 0.10576923076923077