0 0.6550480769230769 0.5456730769230769 0.0889423076923077 0.04326923076923077
0 0.6646634615384616 0.5877403846153846 0.06009615384615385 0.028846153846153848
0 0.6838942307692307 0.38461538461538464 0.0673076923076923 0.03365384615384615
0 0.7235576923076923 0.2860576923076923 0.09615384615384616 0.04567307692307692
0 0.5745192307692307 0.203125 0.21634615384615385 0.14423076923076922
0 0.13942307692307693 0.3269230769230769 0.055288461538461536 0.052884615384615384
0 0.36177884615384615 0.30408653846153844 0.057692307692307696 0.055288461538461536
0 0.46875 0.5805288461538461 0.05048076923076923 0.02403846153846154
0 0.22956730769230768 0.6069711538461539 0.14903846153846154 0.04326923076923077
0 0.08533653846153846 0.5504807692307693 0.04326923076923077 0.026442307692307692
0 0.13701923076923078 0.5252403846153846 0.04326923076923077 0.02403846153846154
0 0.04326923076923077 0.44471153846153844 0.07692307692307693 0.028846153846153848
0 0.057692307692307696 0.4735576923076923 0.06009615384615385 0.019230769230769232
0 0.3269230769230769 0.4182692307692308 0.06490384615384616 0.028846153846153848
0 0.27524038461538464 0.3713942307692308 0.040865384615384616 0.026442307692307692
0 0.4050480769230769 0.06009615384615385 0.12259615384615384 0.1201923076923077