0 0.5360576923076923 0.8137019230769231 0.23557692307692307 0.20192307692307693
0 0.5612980769230769 0.5048076923076923 0.18990384615384615 0.10817307692307693
0 0.6490384615384616 0.41466346153846156 0.14903846153846154 0.07692307692307693
0 0.6646634615384616 0.34375 0.10576923076923077 0.04807692307692308
0 0.5516826923076923 0.375 0.12980769230769232 0.0673076923076923
0 0.4026442307692308 0.4170673076923077 0.10336538461538461 0.052884615384615384
0 0.4050480769230769 0.3762019230769231 0.08413461538461539 0.04326923076923077
0 0.48197115384615385 0.3293269230769231 0.052884615384615384 0.026442307692307692
0 0.6033653846153846 0.3088942307692308 0.07692307692307693 0.03365384615384615
0 0.5721153846153846 0.2824519230769231 0.08173076923076923 0.03365384615384615
0 0.08533653846153846 0.7199519230769231 0.10817307692307693 0.0985576923076923
0 0.6286057692307693 0.24759615384615385 0.055288461538461536 0.026442307692307692
0 0.36658653846153844 0.33413461538461536 0.08173076923076923 0.040865384615384616