0 0.6237980769230769 0.1814903846153846 0.2692307692307692 0.21634615384615385
0 0.6526442307692307 0.5 0.21153846153846154 0.10096153846153846
0 0.7596153846153846 0.5985576923076923 0.18269230769230768 0.06009615384615385
0 0.7764423076923077 0.671875 0.125 0.04567307692307692
0 0.7007211538461539 0.7055288461538461 0.10817307692307693 0.038461538461538464
0 0.6550480769230769 0.734375 0.0985576923076923 0.03125
0 0.7247596153846154 0.7728365384615384 0.0673076923076923 0.028846153846153848
0 0.44350961538461536 0.59375 0.125 0.052884615384615384
0 0.4495192307692308 0.6358173076923077 0.0889423076923077 0.04326923076923077
0 0.546875 0.6826923076923077 0.07451923076923077 0.03365384615384615
0 0.39663461538461536 0.6790865384615384 0.09134615384615384 0.038461538461538464
0 0.34134615384615385 0.640625 0.06490384615384616 0.03365384615384615
0 0.06370192307692307 0.2704326923076923 0.12740384615384615 0.10817307692307693