0 0.5324519230769231 0.7283653846153846 0.2403846153846154 0.15144230769230768
0 0.2764423076923077 0.8064903846153846 0.15144230769230768 0.14423076923076922
0 0.39783653846153844 0.6201923076923077 0.125 0.08653846153846154
0 0.44350961538461536 0.5576923076923077 0.10096153846153846 0.06971153846153846
0 0.5456730769230769 0.6201923076923077 0.10336538461538461 0.06971153846153846
0 0.5793269230769231 0.5240384615384616 0.09134615384615384 0.05048076923076923
0 0.390625 0.45552884615384615 0.1658653846153846 0.07211538461538461
0 0.2776442307692308 0.4699519230769231 0.10336538461538461 0.06009615384615385
0 0.4879807692307692 0.43028846153846156 0.09134615384615384 0.04326923076923077
0 0.8786057692307693 0.7427884615384616 0.17067307692307693 0.1201923076923077
0 0.8449519230769231 0.6574519230769231 0.10576923076923077 0.0625
0 0.8064903846153846 0.6045673076923077 0.1201923076923077 0.07211538461538461
0 0.7572115384615384 0.5228365384615384 0.06971153846153846 0.036057692307692304
0 0.6995192307692307 0.47596153846153844 0.07211538461538461 0.036057692307692304
0 0.75 0.44591346153846156 0.11057692307692307 0.05048076923076923
0 0.6322115384615384 0.375 0.10576923076923077 0.04807692307692308
0 0.6682692307692307 0.40625 0.0673076923076923 0.03365384615384615
0 0.5132211538461539 0.3870192307692308 0.06009615384615385 0.03125