0 0.5240384615384616 0.7295673076923077 0.24278846153846154 0.15865384615384615
0 0.265625 0.7980769230769231 0.15384615384615385 0.14903846153846154
0 0.3942307692307692 0.6165865384615384 0.12740384615384615 0.0889423076923077
0 0.4411057692307692 0.5564903846153846 0.10096153846153846 0.07211538461538461
0 0.5420673076923077 0.6213942307692307 0.10336538461538461 0.07211538461538461
0 0.578125 0.5276442307692307 0.09134615384615384 0.052884615384615384
0 0.3918269230769231 0.4519230769230769 0.1658653846153846 0.07692307692307693
0 0.27884615384615385 0.46274038461538464 0.10336538461538461 0.0625
0 0.49038461538461536 0.42908653846153844 0.09134615384615384 0.04807692307692308
0 0.8701923076923077 0.7560096153846154 0.17067307692307693 0.125
0 0.8389423076923077 0.6682692307692307 0.10817307692307693 0.0673076923076923
0 0.8016826923076923 0.6153846153846154 0.12259615384615384 0.07692307692307693
0 0.7560096153846154 0.53125 0.06971153846153846 0.038461538461538464
0 0.6995192307692307 0.4831730769230769 0.07211538461538461 0.038461538461538464
0 0.7512019230769231 0.45552884615384615 0.11057692307692307 0.055288461538461536
0 0.6370192307692307 0.3798076923076923 0.10576923076923077 0.05048076923076923
0 0.671875 0.41225961538461536 0.0673076923076923 0.036057692307692304
0 0.5168269230769231 0.38822115384615385 0.06009615384615385 0.03365384615384615