0 0.35697115384615385 0.4266826923076923 0.09375 0.057692307692307696
0 0.3557692307692308 0.38221153846153844 0.06490384615384616 0.040865384615384616
0 0.296875 0.578125 0.07211538461538461 0.04567307692307692
0 0.23918269230769232 0.6670673076923077 0.10096153846153846 0.0625
0 0.3701923076923077 0.7776442307692307 0.23798076923076922 0.18028846153846154
0 0.8209134615384616 0.7379807692307693 0.0625 0.06009615384615385
0 0.5985576923076923 0.71875 0.0673076923076923 0.06490384615384616
0 0.546875 0.4266826923076923 0.055288461538461536 0.03365384615384615
0 0.7860576923076923 0.44591346153846156 0.15144230769230768 0.06971153846153846
0 0.9158653846153846 0.5300480769230769 0.04807692307692308 0.03365384615384615
0 0.8605769230769231 0.5444711538461539 0.04807692307692308 0.03125
0 0.9375 0.6418269230769231 0.08173076923076923 0.040865384615384616
0 0.9302884615384616 0.6105769230769231 0.0625 0.03125
0 0.6538461538461539 0.6129807692307693 0.0673076923076923 0.040865384615384616
0 0.6971153846153846 0.6682692307692307 0.04326923076923077 0.03365384615384615
0 0.5108173076923077 0.9399038461538461 0.14182692307692307 0.11538461538461539