0 0.46634615384615385 0.7079326923076923 0.0985576923076923 0.09615384615384616
0 0.5252403846153846 0.7992788461538461 0.06009615384615385 0.0625
0 0.5588942307692307 0.5949519230769231 0.09134615384615384 0.11298076923076923
0 0.4855769230769231 0.43509615384615385 0.10817307692307693 0.07211538461538461
0 0.4987980769230769 0.484375 0.07451923076923077 0.04326923076923077
0 0.7560096153846154 0.43149038461538464 0.07692307692307693 0.12259615384615384
0 0.8269230769230769 0.2824519230769231 0.11538461538461539 0.1658653846153846
0 0.6766826923076923 0.6213942307692307 0.057692307692307696 0.07692307692307693
0 0.6165865384615384 0.7427884615384616 0.07211538461538461 0.09134615384615384
0 0.4483173076923077 0.6129807692307693 0.04567307692307692 0.038461538461538464
0 0.44711538461538464 0.5769230769230769 0.04326923076923077 0.028846153846153848
0 0.4579326923076923 0.6502403846153846 0.03365384615384615 0.028846153846153848
0 0.4543269230769231 0.8329326923076923 0.040865384615384616 0.028846153846153848