0 0.48677884615384615 0.9230769230769231 0.22355769230769232 0.12259615384615384
0 0.27884615384615385 0.8497596153846154 0.1346153846153846 0.09134615384615384
0 0.4338942307692308 0.7788461538461539 0.21875 0.0625
0 0.5456730769230769 0.6983173076923077 0.11538461538461539 0.05048076923076923
0 0.38461538461538464 0.5949519230769231 0.0889423076923077 0.036057692307692304
0 0.07211538461538461 0.8401442307692307 0.12740384615384615 0.20673076923076922
0 0.25961538461538464 0.5120192307692307 0.08173076923076923 0.05048076923076923
0 0.4879807692307692 0.4795673076923077 0.07451923076923077 0.04326923076923077
0 0.75 0.7512019230769231 0.06490384615384616 0.04807692307692308
0 0.7319711538461539 0.6538461538461539 0.06490384615384616 0.04326923076923077
0 0.6802884615384616 0.6057692307692307 0.07932692307692307 0.05048076923076923
0 0.8930288461538461 0.9194711538461539 0.2091346153846154 0.13221153846153846