0 0.3713942307692308 0.09735576923076923 0.2403846153846154 0.1658653846153846
0 0.19110576923076922 0.2247596153846154 0.14903846153846154 0.11778846153846154
0 0.359375 0.25 0.22355769230769232 0.10576923076923077
0 0.4891826923076923 0.296875 0.1201923076923077 0.07211538461538461
0 0.3629807692307692 0.43990384615384615 0.09375 0.052884615384615384
0 0.039663461538461536 0.2920673076923077 0.07932692307692307 0.2283653846153846
0 0.265625 0.5540865384615384 0.0889423076923077 0.06490384615384616
0 0.49399038461538464 0.5228365384615384 0.07932692307692307 0.057692307692307696
0 0.671875 0.18990384615384615 0.07211538461538461 0.06009615384615385
0 0.6802884615384616 0.28846153846153844 0.06971153846153846 0.055288461538461536
0 0.6442307692307693 0.3485576923076923 0.08653846153846154 0.06490384615384616
0 0.7716346153846154 0.037259615384615384 0.24519230769230768 0.07451923076923077