0 0.42427884615384615 0.08413461538461539 0.2403846153846154 0.1658653846153846
0 0.6442307692307693 0.11298076923076923 0.14903846153846154 0.11778846153846154
0 0.5060096153846154 0.21394230769230768 0.22355769230769232 0.10576923076923077
0 0.41466346153846156 0.3161057692307692 0.1201923076923077 0.07211538461538461
0 0.59375 0.38221153846153844 0.09375 0.052884615384615384
0 0.8473557692307693 0.09735576923076923 0.1658653846153846 0.19471153846153846
0 0.7319711538461539 0.4387019230769231 0.0889423076923077 0.06490384615384616
0 0.515625 0.5168269230769231 0.07932692307692307 0.057692307692307696
0 0.203125 0.30649038461538464 0.07211538461538461 0.06009615384615385
0 0.24158653846153846 0.39663461538461536 0.06971153846153846 0.055288461538461536
0 0.3016826923076923 0.4338942307692308 0.08653846153846154 0.06490384615384616
0 0.07091346153846154 0.17548076923076922 0.14182692307692307 0.17307692307692307