0 0.44350961538461536 0.2764423076923077 0.23317307692307693 0.12980769230769232
0 0.6899038461538461 0.171875 0.14182692307692307 0.13221153846153846
0 0.5889423076923077 0.3701923076923077 0.12259615384615384 0.07451923076923077
0 0.5504807692307693 0.4362980769230769 0.09615384615384616 0.06009615384615385
0 0.4423076923076923 0.38461538461538464 0.0985576923076923 0.06009615384615385
0 0.4182692307692308 0.484375 0.0889423076923077 0.04326923076923077
0 0.6141826923076923 0.5324519230769231 0.1658653846153846 0.055288461538461536
0 0.7235576923076923 0.5072115384615384 0.10096153846153846 0.05048076923076923
0 0.5192307692307693 0.5685096153846154 0.0889423076923077 0.036057692307692304
0 0.09735576923076923 0.29927884615384615 0.1658653846153846 0.10576923076923077
0 0.140625 0.3798076923076923 0.10336538461538461 0.052884615384615384
0 0.18509615384615385 0.42788461538461536 0.11778846153846154 0.0625
0 0.24158653846153846 0.5048076923076923 0.06971153846153846 0.028846153846153848
0 0.30408653846153844 0.5444711538461539 0.07211538461538461 0.028846153846153848
0 0.25721153846153844 0.5793269230769231 0.11057692307692307 0.040865384615384616
0 0.38100961538461536 0.6382211538461539 0.10336538461538461 0.036057692307692304
0 0.3425480769230769 0.6105769230769231 0.0673076923076923 0.026442307692307692
0 0.4987980769230769 0.6129807692307693 0.06009615384615385 0.026442307692307692