0 0.65625 0.6286057692307693 0.28125 0.22355769230769232
0 0.28846153846153844 0.8317307692307693 0.4639423076923077 0.31971153846153844
0 0.7560096153846154 0.9423076923076923 0.34375 0.11057692307692307
0 0.890625 0.7872596153846154 0.17067307692307693 0.15144230769230768
0 0.3473557692307692 0.4387019230769231 0.40384615384615385 0.20432692307692307
0 0.6971153846153846 0.40384615384615385 0.16105769230769232 0.08173076923076923
0 0.8810096153846154 0.47596153846153844 0.14903846153846154 0.11298076923076923
0 0.9675480769230769 0.5625 0.055288461538461536 0.06490384615384616
0 0.6586538461538461 0.19831730769230768 0.15865384615384615 0.06971153846153846
0 0.5048076923076923 0.2776442307692308 0.19471153846153846 0.08413461538461539
0 0.43149038461538464 0.21033653846153846 0.08653846153846154 0.04567307692307692
0 0.24639423076923078 0.20072115384615385 0.19951923076923078 0.0889423076923077
0 0.7319711538461539 0.14783653846153846 0.10336538461538461 0.04807692307692308
0 0.6274038461538461 0.11778846153846154 0.13701923076923078 0.052884615384615384
0 0.37740384615384615 0.14182692307692307 0.25240384615384615 0.09134615384615384
0 0.7932692307692307 0.09735576923076923 0.1875 0.0889423076923077
0 0.5841346153846154 0.35216346153846156 0.14182692307692307 0.0673076923076923
0 0.7103365384615384 0.3016826923076923 0.0673076923076923 0.04326923076923077
0 0.036057692307692304 0.6622596153846154 0.07211538461538461 0.11778846153846154