0 0.6322115384615384 0.4387019230769231 0.07932692307692307 0.06009615384615385
0 0.7836538461538461 0.10096153846153846 0.1971153846153846 0.20192307692307693
0 0.6862980769230769 0.055288461538461536 0.10817307692307693 0.11057692307692307
0 0.6057692307692307 0.23557692307692307 0.11057692307692307 0.11057692307692307
0 0.5060096153846154 0.2439903846153846 0.11298076923076923 0.10336538461538461
0 0.36778846153846156 0.2620192307692308 0.09134615384615384 0.08173076923076923
0 0.4170673076923077 0.13341346153846154 0.11298076923076923 0.1201923076923077
0 0.546875 0.078125 0.12259615384615384 0.13221153846153846
0 0.4735576923076923 0.03125 0.13942307692307693 0.0625
0 0.2536057692307692 0.10216346153846154 0.14423076923076922 0.11298076923076923
0 0.5216346153846154 0.421875 0.052884615384615384 0.05048076923076923
0 0.5649038461538461 0.4375 0.040865384615384616 0.028846153846153848
0 0.4675480769230769 0.4879807692307692 0.18269230769230768 0.16826923076923078
0 0.18629807692307693 0.3701923076923077 0.37259615384615385 0.3125
0 0.03245192307692308 0.21995192307692307 0.06490384615384616 0.2091346153846154