0 0.6442307692307693 0.5228365384615384 0.06971153846153846 0.04567307692307692
0 0.8846153846153846 0.8112980769230769 0.15625 0.18028846153846154
0 0.8040865384615384 0.8834134615384616 0.08413461538461539 0.10576923076923077
0 0.6742788461538461 0.7247596153846154 0.09375 0.09134615384615384
0 0.5769230769230769 0.7439903846153846 0.09615384615384616 0.08413461538461539
0 0.4387019230769231 0.765625 0.07692307692307693 0.06490384615384616
0 0.5204326923076923 0.8762019230769231 0.09134615384615384 0.10096153846153846
0 0.6622596153846154 0.8930288461538461 0.0985576923076923 0.11298076923076923
0 0.6069711538461539 0.9699519230769231 0.12740384615384615 0.052884615384615384
0 0.3737980769230769 0.9507211538461539 0.12980769230769232 0.08413461538461539
0 0.5420673076923077 0.5685096153846154 0.04326923076923077 0.040865384615384616
0 0.5805288461538461 0.5420673076923077 0.036057692307692304 0.021634615384615384
0 0.4723557692307692 0.5204326923076923 0.15625 0.13701923076923078
0 0.23197115384615385 0.7115384615384616 0.3293269230769231 0.23798076923076922
0 0.07451923076923077 0.9098557692307693 0.1346153846153846 0.17548076923076922