0 0.3125 0.5745192307692307 0.2980769230769231 0.24759615384615385
0 0.5985576923076923 0.8485576923076923 0.4855769230769231 0.2980769230769231
0 0.14543269230769232 0.8653846153846154 0.29086538461538464 0.1875
0 0.06610576923076923 0.6538461538461539 0.13221153846153846 0.16826923076923078
0 0.6646634615384616 0.4891826923076923 0.41586538461538464 0.2403846153846154
0 0.3425480769230769 0.3473557692307692 0.16346153846153846 0.09615384615384616
0 0.14543269230769232 0.359375 0.15625 0.12740384615384615
0 0.036057692307692304 0.41466346153846156 0.0625 0.06971153846153846
0 0.4423076923076923 0.16466346153846154 0.16105769230769232 0.08413461538461539
0 0.5637019230769231 0.28725961538461536 0.19951923076923078 0.10096153846153846
0 0.6550480769230769 0.24519230769230768 0.0889423076923077 0.052884615384615384
0 0.8341346153846154 0.2932692307692308 0.20432692307692307 0.10817307692307693
0 0.38822115384615385 0.09254807692307693 0.10576923076923077 0.057692307692307696
0 0.49759615384615385 0.09735576923076923 0.13942307692307693 0.0673076923076923
0 0.7283653846153846 0.1971153846153846 0.2548076923076923 0.11538461538461539
0 0.34615384615384615 0.040865384615384616 0.19230769230769232 0.08173076923076923
0 0.4651442307692308 0.3329326923076923 0.14423076923076922 0.07932692307692307
0 0.3605769230769231 0.24639423076923078 0.06971153846153846 0.05048076923076923
0 0.9038461538461539 0.8004807692307693 0.10336538461538461 0.12259615384615384