0 0.6334134615384616 0.4411057692307692 0.07692307692307693 0.057692307692307696
0 0.7920673076923077 0.10336538461538461 0.19471153846153846 0.20673076923076922
0 0.6959134615384616 0.056490384615384616 0.10817307692307693 0.11298076923076923
0 0.6105769230769231 0.23677884615384615 0.11057692307692307 0.11057692307692307
0 0.5108173076923077 0.24519230769230768 0.11057692307692307 0.10336538461538461
0 0.3713942307692308 0.25961538461538464 0.0889423076923077 0.07932692307692307
0 0.4230769230769231 0.1310096153846154 0.11057692307692307 0.11778846153846154
0 0.5552884615384616 0.07932692307692307 0.1201923076923077 0.12980769230769232
0 0.4831730769230769 0.030048076923076924 0.13942307692307693 0.06009615384615385
0 0.2608173076923077 0.09735576923076923 0.14423076923076922 0.11057692307692307
0 0.5228365384615384 0.421875 0.05048076923076923 0.04807692307692308
0 0.5661057692307693 0.4387019230769231 0.040865384615384616 0.028846153846153848
0 0.46875 0.48677884615384615 0.18269230769230768 0.1658653846153846
0 0.18629807692307693 0.36538461538461536 0.3701923076923077 0.30528846153846156
0 0.03365384615384615 0.21033653846153846 0.0673076923076923 0.2091346153846154