0 0.9230769230769231 0.6358173076923077 0.12259615384615384 0.09134615384615384
0 0.6177884615384616 0.5877403846153846 0.057692307692307696 0.052884615384615384
0 0.3737980769230769 0.7319711538461539 0.09375 0.07692307692307693
0 0.2956730769230769 0.6502403846153846 0.09615384615384616 0.05048076923076923
0 0.3485576923076923 0.6033653846153846 0.057692307692307696 0.040865384615384616
0 0.43149038461538464 0.6875 0.055288461538461536 0.04326923076923077
0 0.5192307692307693 0.4326923076923077 0.0985576923076923 0.08173076923076923
0 0.625 0.3641826923076923 0.18028846153846154 0.14182692307692307
0 0.3858173076923077 0.44471153846153844 0.05048076923076923 0.04326923076923077
0 0.359375 0.30408653846153844 0.21394230769230768 0.12980769230769232
0 0.37740384615384615 0.11658653846153846 0.21153846153846154 0.21875
0 0.26322115384615385 0.40865384615384615 0.13942307692307693 0.12259615384615384