0 0.5264423076923077 0.29086538461538464 0.09615384615384616 0.09375
0 0.4651442307692308 0.20192307692307693 0.057692307692307696 0.06009615384615385
0 0.4387019230769231 0.4074519230769231 0.0889423076923077 0.11057692307692307
0 0.5168269230769231 0.5637019230769231 0.10817307692307693 0.06971153846153846
0 0.5024038461538461 0.515625 0.07451923076923077 0.040865384615384616
0 0.24639423076923078 0.5769230769230769 0.07451923076923077 0.1201923076923077
0 0.1814903846153846 0.7295673076923077 0.11057692307692307 0.16346153846153846
0 0.31850961538461536 0.38461538461538464 0.055288461538461536 0.07692307692307693
0 0.375 0.2620192307692308 0.06971153846153846 0.0889423076923077
0 0.546875 0.38461538461538464 0.04326923076923077 0.036057692307692304
0 0.5504807692307693 0.4206730769230769 0.04326923076923077 0.026442307692307692
0 0.5360576923076923 0.3485576923076923 0.03125 0.026442307692307692
0 0.5348557692307693 0.1658653846153846 0.038461538461538464 0.028846153846153848