0 0.9387019230769231 0.5757211538461539 0.11538461538461539 0.07692307692307693
0 0.6286057692307693 0.5709134615384616 0.052884615384615384 0.04567307692307692
0 0.4074519230769231 0.7475961538461539 0.0889423076923077 0.06490384615384616
0 0.31850961538461536 0.6778846153846154 0.09134615384615384 0.040865384615384616
0 0.36538461538461536 0.6225961538461539 0.055288461538461536 0.03365384615384615
0 0.45913461538461536 0.6947115384615384 0.052884615384615384 0.036057692307692304
0 0.5096153846153846 0.43028846153846156 0.09134615384615384 0.07211538461538461
0 0.6045673076923077 0.3485576923076923 0.16826923076923078 0.12259615384615384
0 0.3798076923076923 0.46153846153846156 0.04567307692307692 0.036057692307692304
0 0.33413461538461536 0.32572115384615385 0.20673076923076922 0.10336538461538461
0 0.32572115384615385 0.13701923076923078 0.18990384615384615 0.1971153846153846
0 0.2536057692307692 0.44350961538461536 0.12740384615384615 0.10817307692307693