0 0.3870192307692308 0.1778846153846154 0.2764423076923077 0.22596153846153846
0 0.3473557692307692 0.4951923076923077 0.21394230769230768 0.10817307692307693
0 0.23798076923076922 0.5889423076923077 0.18509615384615385 0.06490384615384616
0 0.21754807692307693 0.6622596153846154 0.125 0.05048076923076923
0 0.2920673076923077 0.6995192307692307 0.11057692307692307 0.04326923076923077
0 0.33653846153846156 0.7295673076923077 0.0985576923076923 0.03365384615384615
0 0.265625 0.7644230769230769 0.0673076923076923 0.03125
0 0.5528846153846154 0.5949519230769231 0.12740384615384615 0.057692307692307696
0 0.5456730769230769 0.6382211538461539 0.09134615384615384 0.04807692307692308
0 0.44711538461538464 0.6814903846153846 0.07451923076923077 0.036057692307692304
0 0.5973557692307693 0.6826923076923077 0.09375 0.040865384615384616
0 0.6538461538461539 0.6466346153846154 0.06490384615384616 0.036057692307692304
0 0.9387019230769231 0.2848557692307692 0.11778846153846154 0.11298076923076923